0.7427160493827161
0.9390946502057613
0.7552263374485597
0.2651851851851852
0.3208230452674897
0.21843621399176955
0.3654320987654321
0.9469958847736626
0.5927572016460906
0.04345679012345679
0.8176131687242798
0.8781893004115227
0.2992592592592593
0.9326748971193416
0.07473251028806584
0.13283950617283952
0.29218106995884774
0.18238683127572017
0.5441975308641975
0.8961316872427983
0.2011522633744856
0.5333333333333333
0.7445267489711934
0.13102880658436214
0.10024691358024691
0.837366255144033
0.9720164609053498
0.24493827160493828
0.17465020576131687
0.7241152263374485
0.9674074074074074
0.7563786008230453
0.3873251028806584
0.26765432098765435
0.5825514403292181
0.9616460905349794
0.145679012345679
0.6531687242798354
0.44707818930041154
0.6014814814814815
0.9682304526748972
0.8436213991769548
0.6350617283950617
0.5277366255144033
0.15127572016460905
0.24641975308641975
0.33168724279835393
0.3700411522633745
0.43555555555555553
0.38008230452674896
0.49991769547325104
0.20246913580246914
0.6729218106995885
0.5409053497942387
0.5471604938271605
0.21020576131687244
0.49300411522633747
0.4696296296296296
0.9919341563786008
0.3562139917695473
0.9698765432098766
0.01810699588477366
0.13053497942386832
0.047901234567901234
0.28872427983539095
0.8159670781893004
0.7037037037037037
0.8037860082304527
0.4125102880658436
0.937283950617284
0.5632921810699588
0.920164609053498
0.748641975308642
0.5672427983539094
0.3389300411522634
0.13777777777777778
0.8156378600823045
0.6688065843621399
0.10469135802469136
0.30847736625514405
0.9097942386831276
0.6493827160493827
0.04576131687242798
0.06189300411522634
0.7718518518518519
0.027489711934156377
0.12510288065843622
0.4720987654320988
0.25366255144032923
0.09942386831275721
0.7501234567901235
0.7242798353909465
0.9848559670781893
0.605925925925926
0.43934156378600825
0.7813991769547325
0.03950617283950617
0.3988477366255144
0.48905349794238684
0.0508641975308642
